  0.9999999747378752E-04  0.5114650878906250E+03
  0.1010050182230771E-03  0.5164474487304688E+03
  0.1020201307255775E-03  0.5214783325195312E+03
  0.1030454513966106E-03  0.5265581054687500E+03
  0.1040810820995830E-03  0.5316873168945312E+03
  0.1051271028700285E-03  0.5368664550781250E+03
  0.1061836592270993E-03  0.5420959472656250E+03
  0.1072508166544139E-03  0.5473762817382812E+03
  0.1083287061192095E-03  0.5527080688476562E+03
  0.1094174222089350E-03  0.5580916137695312E+03
  0.1105170958908275E-03  0.5635275878906250E+03
  0.1116277999244630E-03  0.5690164184570312E+03
  0.1127496798289940E-03  0.5745585937500000E+03
  0.1138828374678269E-03  0.5801546630859375E+03
  0.1150273747043684E-03  0.5858051757812500E+03
  0.1161834225058556E-03  0.5915106201171875E+03
  0.1173510900116526E-03  0.5972715454101562E+03
  0.1185304863611236E-03  0.6030885009765625E+03
  0.1197217279695906E-03  0.6089619750976562E+03
  0.1209249603562057E-03  0.6148925781250000E+03
  0.1221402781084180E-03  0.6208808593750000E+03
  0.1233678049175069E-03  0.6269273681640625E+03
  0.1246076717507094E-03  0.6330326538085938E+03
  0.1258599950233474E-03  0.6391972656250000E+03
  0.1271249202545732E-03  0.6454217529296875E+03
  0.1284025347558782E-03  0.6517067260742188E+03
  0.1296929985983297E-03  0.6580527954101562E+03
  0.1309964427491650E-03  0.6644605102539062E+03
  0.1323129690717906E-03  0.6709306030273438E+03
  0.1336427376372740E-03  0.6774635009765625E+03
  0.1349858794128522E-03  0.6840598754882812E+03
  0.1363425108138472E-03  0.6907202758789062E+03
  0.1377127773594111E-03  0.6974453735351562E+03
  0.1390968100167811E-03  0.7042357788085938E+03
  0.1404947543051094E-03  0.7110922241210938E+03
  0.1419067411916330E-03  0.7180152587890625E+03
  0.1433329307474196E-03  0.7250055541992188E+03
  0.1447734539397061E-03  0.7320637207031250E+03
  0.1462284562876448E-03  0.7391904296875000E+03
  0.1476980833103880E-03  0.7463863525390625E+03
  0.1491824659751728E-03  0.7536520996093750E+03
  0.1506817789049819E-03  0.7609884033203125E+03
  0.1521961530670524E-03  0.7683959350585938E+03
  0.1537257339805365E-03  0.7758753051757812E+03
  0.1552707108203322E-03  0.7834273681640625E+03
  0.1568312145536765E-03  0.7910527343750000E+03
  0.1584073906997219E-03  0.7987520751953125E+03
  0.1599994138814509E-03  0.8065261230468750E+03
  0.1616074441699311E-03  0.8143756713867188E+03
  0.1632316125323996E-03  0.8223012695312500E+03
  0.1648721226956695E-03  0.8303038330078125E+03
  0.1665291201788932E-03  0.8383839721679688E+03
  0.1682027505012229E-03  0.8465424804687500E+03
  0.1698932319413871E-03  0.8547800903320312E+03
  0.1716006663627923E-03  0.8630975952148438E+03
  0.1733253011479974E-03  0.8714957275390625E+03
  0.1750672381604090E-03  0.8799752807617188E+03
  0.1768266956787556E-03  0.8885370483398438E+03
  0.1786038337741047E-03  0.8971818237304688E+03
  0.1803988270694390E-03  0.9059104003906250E+03
  0.1822118647396564E-03  0.9147235717773438E+03
  0.1840431359596550E-03  0.9236221313476562E+03
  0.1858928008005023E-03  0.9326069335937500E+03
  0.1877610484370962E-03  0.9416788330078125E+03
  0.1896480680443347E-03  0.9508385620117188E+03
  0.1915540779009461E-03  0.9600870971679688E+03
  0.1934792235260829E-03  0.9694251098632812E+03
  0.1954237231984735E-03  0.9788535156250000E+03
  0.1973877806449309E-03  0.9883731689453125E+03
  0.1993715413846076E-03  0.9979849853515625E+03
  0.2013752673519775E-03  0.1007689880371094E+04
  0.2033991040661931E-03  0.1017488708496094E+04
  0.2054432989098132E-03  0.1027382446289062E+04
  0.2075080556096509E-03  0.1037371826171875E+04
  0.2095935487886891E-03  0.1047457763671875E+04
  0.2117000112775713E-03  0.1057641235351562E+04
  0.2138276031473652E-03  0.1067923217773438E+04
  0.2159766154363751E-03  0.1078304687500000E+04
  0.2181472227675840E-03  0.1088786499023438E+04
  0.2203396288678050E-03  0.1099369628906250E+04
  0.2225540811195970E-03  0.1110055175781250E+04
  0.2247907832497731E-03  0.1120843994140625E+04
  0.2270499680889770E-03  0.1131736938476562E+04
  0.2293318684678525E-03  0.1142735229492188E+04
  0.2316366881132126E-03  0.1153839599609375E+04
  0.2339646744076163E-03  0.1165051147460938E+04
  0.2363160601817071E-03  0.1176370971679688E+04
  0.2386910782661289E-03  0.1187800170898438E+04
  0.2410899614915252E-03  0.1199339721679688E+04
  0.2435129572404549E-03  0.1210990722656250E+04
  0.2459603128954768E-03  0.1222754028320312E+04
  0.2484322467353195E-03  0.1234630737304688E+04
  0.2509290061425418E-03  0.1246621826171875E+04
  0.2534509112592787E-03  0.1258728637695312E+04
  0.2559981367085129E-03  0.1270952148437500E+04
  0.2585709444247186E-03  0.1283293579101562E+04
  0.2611696545500308E-03  0.1295753906250000E+04
  0.2637944417074323E-03  0.1308334350585938E+04
  0.2664455969352275E-03  0.1321035888671875E+04
  0.2691234403755516E-03  0.1333859863281250E+04
  0.2718281757552177E-03  0.1346807250976562E+04
  0.2745600941125304E-03  0.1359879150390625E+04
  0.2773194864857942E-03  0.1373076904296875E+04
  0.2801065566018224E-03  0.1386401489257812E+04
  0.2829216828104109E-03  0.1399854370117188E+04
  0.2857650979422033E-03  0.1413436523437500E+04
  0.2886370930355042E-03  0.1427149291992188E+04
  0.2915379300247878E-03  0.1440993774414062E+04
  0.2944679290521890E-03  0.1454971435546875E+04
  0.2974274102598429E-03  0.1469083251953125E+04
  0.3004166064783931E-03  0.1483330688476562E+04
  0.3034358378499746E-03  0.1497714843750000E+04
  0.3064853954128921E-03  0.1512237060546875E+04
  0.3095656284131110E-03  0.1526898681640625E+04
  0.3126768278889358E-03  0.1541700927734375E+04
  0.3158192848786712E-03  0.1556645263671875E+04
  0.3189932904206216E-03  0.1571732666015625E+04
  0.3221992519684136E-03  0.1586964599609375E+04
  0.3254374023526907E-03  0.1602342285156250E+04
  0.3287080908194184E-03  0.1617867431640625E+04
  0.3320116666145623E-03  0.1633541137695312E+04
  0.3353484207764268E-03  0.1649365112304688E+04
  0.3387187607586384E-03  0.1665340454101562E+04
  0.3421229484956712E-03  0.1681468750000000E+04
  0.3455613623373210E-03  0.1697751220703125E+04
  0.3490342642180622E-03  0.1714189331054688E+04
  0.3525421197991818E-03  0.1730784301757812E+04
  0.3560852492228150E-03  0.1747537841796875E+04
  0.3596639435272664E-03  0.1764451293945312E+04
  0.3632786392699927E-03  0.1781526123046875E+04
  0.3669296274892986E-03  0.1798763916015625E+04
  0.3706173447426409E-03  0.1816166015625000E+04
  0.3743421111721545E-03  0.1833734008789062E+04
  0.3781043051276356E-03  0.1851469604492188E+04
  0.3819043049588799E-03  0.1869374145507812E+04
  0.3857425472233444E-03  0.1887449096679688E+04
  0.3896193229593337E-03  0.1905696166992188E+04
  0.3935350687243044E-03  0.1924116699218750E+04
  0.3974901628680527E-03  0.1942712524414062E+04
  0.4014850128442049E-03  0.1961484985351562E+04
  0.4055199970025569E-03  0.1980435791015625E+04
  0.4095955227967352E-03  0.1999566772460938E+04
  0.4137120267841965E-03  0.2018879272460938E+04
  0.4178698873147368E-03  0.2038375000000000E+04
  0.4220695409458131E-03  0.2058055419921875E+04
  0.4263113951310515E-03  0.2077922607421875E+04
  0.4305959155317396E-03  0.2097978027343750E+04
  0.4349234513938427E-03  0.2118223388671875E+04
  0.4392945556901395E-03  0.2138660400390625E+04
  0.4437095485627651E-03  0.2159290771484375E+04
  0.4481688956730068E-03  0.2180115966796875E+04
  0.4526730335783213E-03  0.2201138183593750E+04
  0.4572224861476570E-03  0.2222358886718750E+04
  0.4618176317308098E-03  0.2243780029296875E+04
  0.4664589650928974E-03  0.2265403320312500E+04
  0.4711470101028681E-03  0.2287230712890625E+04
  0.4758820869028568E-03  0.2309263671875000E+04
  0.4806647775694728E-03  0.2331504150390625E+04
  0.4854955477640033E-03  0.2353953857421875E+04
  0.4903748631477356E-03  0.2376614990234375E+04
  0.4953031893819571E-03  0.2399489013671875E+04
  0.5002811085432768E-03  0.2422578125000000E+04
  0.5053090280853212E-03  0.2445884033203125E+04
  0.5103874718770385E-03  0.2469408691406250E+04
  0.5155169637873769E-03  0.2493154052734375E+04
  0.5206979694776237E-03  0.2517121826171875E+04
  0.5259310710243881E-03  0.2541314208984375E+04
  0.5312167340889573E-03  0.2565733398437500E+04
  0.5365555407479405E-03  0.2590381103515625E+04
  0.5419480148702860E-03  0.2615259277343750E+04
  0.5473946803249419E-03  0.2640369628906250E+04
  0.5528961191885173E-03  0.2665714599609375E+04
  0.5584527971222997E-03  0.2691295654296875E+04
  0.5640654126182199E-03  0.2717115478515625E+04
  0.5697343149222434E-03  0.2743176025390625E+04
  0.5754602607339621E-03  0.2769479248046875E+04
  0.5812437157146633E-03  0.2796027099609375E+04
  0.5870853201486170E-03  0.2822821289062500E+04
  0.5929855979047716E-03  0.2849864746093750E+04
  0.5989452474750578E-03  0.2877158935546875E+04
  0.6049647345207632E-03  0.2904706542968750E+04
  0.6110446993261576E-03  0.2932509521484375E+04
  0.6171857821755111E-03  0.2960570068359375E+04
  0.6233886233530939E-03  0.2988890380859375E+04
  0.6296537467278540E-03  0.3017472412109375E+04
  0.6359818507917225E-03  0.3046318359375000E+04
  0.6423736922442913E-03  0.3075430664062500E+04
  0.6488296203315258E-03  0.3104811523437500E+04
  0.6553504499606788E-03  0.3134463378906250E+04
  0.6619368214160204E-03  0.3164387939453125E+04
  0.6685894331894815E-03  0.3194587890625000E+04
  0.6753088091500103E-03  0.3225065185546875E+04
  0.6820958224125206E-03  0.3255822509765625E+04
  0.6889509386382997E-03  0.3286861572265625E+04
  0.6958750309422612E-03  0.3318185302734375E+04
  0.7028686814010143E-03  0.3349796142578125E+04
  0.7099326467141509E-03  0.3381696044921875E+04
  0.7170675671659410E-03  0.3413887451171875E+04
  0.7242741994559765E-03  0.3446373046875000E+04
  0.7315533584915102E-03  0.3479155029296875E+04
  0.7389056263491511E-03  0.3512235595703125E+04
  0.7463317015208304E-03  0.3545617431640625E+04
  0.7538324571214616E-03  0.3579302734375000E+04
  0.7614085916429758E-03  0.3613293945312500E+04
  0.7690608617849648E-03  0.3647593750000000E+04
  0.7767900824546814E-03  0.3682204345703125E+04
  0.7845968939363956E-03  0.3717128417968750E+04
  0.7924822857603431E-03  0.3752368408203125E+04
  0.8004467817954719E-03  0.3787926757812500E+04
  0.8084913715720177E-03  0.3823806152343750E+04
  0.8166168699972332E-03  0.3860009033203125E+04
  0.8248240337707102E-03  0.3896538085937500E+04
  0.8331136777997017E-03  0.3933395507812500E+04
  0.8414865005761385E-03  0.3970583984375000E+04
  0.8499436080455780E-03  0.4008106201171875E+04
  0.8584856986999512E-03  0.4045964599609375E+04
  0.8671135874465108E-03  0.4084161865234375E+04
  0.8758282638154924E-03  0.4122700683593750E+04
  0.8846306591294706E-03  0.4161583984375000E+04
  0.8935213554650545E-03  0.4200813476562500E+04
  0.9025013423524797E-03  0.4240392578125000E+04
  0.9115716675296426E-03  0.4280323730468750E+04
  0.9207330294884741E-03  0.4320608886718750E+04
  0.9299866505898535E-03  0.4361251953125000E+04
  0.9393331129103899E-03  0.4402254882812500E+04
  0.9487735223956406E-03  0.4443620605468750E+04
  0.9583088685758412E-03  0.4485351562500000E+04
  0.9679400245659053E-03  0.4527450683593750E+04
  0.9776679798960686E-03  0.4569919921875000E+04
  0.9874936658889055E-03  0.4612763183593750E+04
  0.9974181884899735E-03  0.4655982421875000E+04
  0.1007442362606525E-02  0.4699580078125000E+04
  0.1017567352391779E-02  0.4743560058593750E+04
  0.1027794089168310E-02  0.4787923828125000E+04
  0.1038123620674014E-02  0.4832675292968750E+04
  0.1048556878231466E-02  0.4877816406250000E+04
  0.1059095025993884E-02  0.4923350097656250E+04
  0.1069739111699164E-02  0.4969278808593750E+04
  0.1080490066669881E-02  0.5015605957031250E+04
  0.1091349171474576E-02  0.5062333496093750E+04
  0.1102317473851144E-02  0.5109464843750000E+04
  0.1113395905122161E-02  0.5157002929687500E+04
  0.1124585745856166E-02  0.5204949707031250E+04
  0.1135887927375734E-02  0.5253308105468750E+04
  0.1147304079495370E-02  0.5302081542968750E+04
  0.1158834667876363E-02  0.5351272460937500E+04
  0.1170481205917895E-02  0.5400883300781250E+04
  0.1182244624942541E-02  0.5450917480468750E+04
  0.1194126438349485E-02  0.5501376953125000E+04
  0.1206127577461302E-02  0.5552265136718750E+04
  0.1218249439261854E-02  0.5603584472656250E+04
  0.1230492955073714E-02  0.5655337890625000E+04
  0.1242859638296068E-02  0.5707528320312500E+04
  0.1255350536666811E-02  0.5760158203125000E+04
  0.1267967047169805E-02  0.5813229980468750E+04
  0.1280710333958268E-02  0.5866747070312500E+04
  0.1293581677600741E-02  0.5920711425781250E+04
  0.1306582358665764E-02  0.5975126953125000E+04
  0.1319713657721877E-02  0.6029995117187500E+04
  0.1332976971752942E-02  0.6085319824218750E+04
  0.1346373581327498E-02  0.6141103515625000E+04
  0.1359904883429408E-02  0.6197348144531250E+04
  0.1373572158627212E-02  0.6254057617187500E+04
  0.1387376803904772E-02  0.6311233398437500E+04
  0.1401320099830627E-02  0.6368878417968750E+04
  0.1415403559803963E-02  0.6426995117187500E+04
  0.1429628580808640E-02  0.6485586914062500E+04
  0.1443996676243842E-02  0.6544656250000000E+04
  0.1458509010262787E-02  0.6604205566406250E+04
  0.1473167678341269E-02  0.6664237792968750E+04
  0.1487973146140575E-02  0.6724754882812500E+04
  0.1502927509136498E-02  0.6785760253906250E+04
  0.1518032280728221E-02  0.6847255859375000E+04
  0.1533288741484284E-02  0.6909244140625000E+04
  0.1548698521219194E-02  0.6971727539062500E+04
  0.1564263133332133E-02  0.7034708984375000E+04
  0.1579984207637608E-02  0.7098191406250000E+04
  0.1595863257534802E-02  0.7162177246093750E+04
  0.1611902029253542E-02  0.7226668945312500E+04
  0.1628101919777691E-02  0.7291667968750000E+04
  0.1644464675337076E-02  0.7357177246093750E+04
  0.1660991576500237E-02  0.7423199218750000E+04
  0.1677684951573610E-02  0.7489735351562500E+04
  0.1694545848295093E-02  0.7556789062500000E+04
  0.1711576362140477E-02  0.7624362792968750E+04
  0.1728778006508946E-02  0.7692458007812500E+04
  0.1746152411215007E-02  0.7761077148437500E+04
  0.1763701555319130E-02  0.7830222656250000E+04
  0.1781426952220500E-02  0.7899896972656250E+04
  0.1799330697394907E-02  0.7970101562500000E+04
  0.1817414187826216E-02  0.8040838867187500E+04
  0.1835679635405540E-02  0.8112110351562500E+04
  0.1854128437116742E-02  0.8183918945312500E+04
  0.1872762688435614E-02  0.8256266601562500E+04
  0.1891584135591984E-02  0.8329154296875000E+04
  0.1910595456138253E-02  0.8402584960937500E+04
  0.1929797115735710E-02  0.8476559570312500E+04
  0.1949192024767399E-02  0.8551080078125000E+04
  0.1968781696632504E-02  0.8626148437500000E+04
  0.1988568343222141E-02  0.8701766601562500E+04
  0.2008553594350815E-02  0.8777935546875000E+04
  0.2028739778324962E-02  0.8854658203125000E+04
  0.2049128990620375E-02  0.8931935546875000E+04
  0.2069723093882203E-02  0.9009768554687500E+04
  0.2090524183586240E-02  0.9088159179687500E+04
  0.2111534355208278E-02  0.9167109375000000E+04
  0.2132755704224110E-02  0.9246619140625000E+04
  0.2154190093278885E-02  0.9326690429687500E+04
  0.2175839850679040E-02  0.9407324218750000E+04
  0.2197707537561655E-02  0.9488521484375000E+04
  0.2219794783741236E-02  0.9570285156250000E+04
  0.2242104150354862E-02  0.9652614257812500E+04
  0.2264637732878327E-02  0.9735510742187500E+04
  0.2287397626787424E-02  0.9818975585937500E+04
  0.2310386393219233E-02  0.9903009765625000E+04
  0.2333606127649546E-02  0.9987614257812500E+04
  0.2357059158384800E-02  0.1007278808593750E+05
  0.2380747813731432E-02  0.1015853222656250E+05
  0.2404674887657166E-02  0.1024484765625000E+05
  0.2428842242807150E-02  0.1033173535156250E+05
  0.2453252440318465E-02  0.1041919531250000E+05
  0.2477908739820123E-02  0.1050722753906250E+05
  0.2502811839804053E-02  0.1059583398437500E+05
  0.2527965698391199E-02  0.1068501367187500E+05
  0.2553372178226709E-02  0.1077476660156250E+05
  0.2579034073278308E-02  0.1086509277343750E+05
  0.2604953711852431E-02  0.1095599316406250E+05
  0.2631133887916803E-02  0.1104746484375000E+05
  0.2657577162608504E-02  0.1113950976562500E+05
  0.2684286329895258E-02  0.1123212597656250E+05
  0.2711263718083501E-02  0.1132531445312500E+05
  0.2738512353971601E-02  0.1141907421875000E+05
  0.2766034798696637E-02  0.1151340332031250E+05
  0.2793833846226335E-02  0.1160830371093750E+05
  0.2821912290528417E-02  0.1170377148437500E+05
  0.2850273158401251E-02  0.1179980664062500E+05
  0.2878918778151274E-02  0.1189640917968750E+05
  0.2907852176576853E-02  0.1199357714843750E+05
  0.2937076613306999E-02  0.1209130957031250E+05
  0.2966594882309437E-02  0.1218960351562500E+05
  0.2996409544721246E-02  0.1228845898437500E+05
  0.3026523860171437E-02  0.1238787207031250E+05
  0.3056940855458379E-02  0.1248784277343750E+05
  0.3087663557380438E-02  0.1258836914062500E+05
  0.3118695225566626E-02  0.1268944921875000E+05
  0.3150038653984666E-02  0.1279108105468750E+05
  0.3181697800755501E-02  0.1289326074218750E+05
  0.3213674062862992E-02  0.1299598730468750E+05
  0.3245972329750657E-02  0.1309925781250000E+05
  0.3278594929724932E-02  0.1320306933593750E+05
  0.3311545122414827E-02  0.1330741796875000E+05
  0.3344826865941286E-02  0.1341230175781250E+05
  0.3378442721441388E-02  0.1351771582031250E+05
  0.3412396647036076E-02  0.1362365917968750E+05
  0.3446691902354360E-02  0.1373012695312500E+05
  0.3481331514194608E-02  0.1383711523437500E+05
  0.3516319673508406E-02  0.1394462011718750E+05
  0.3551658941432834E-02  0.1405263867187500E+05
  0.3587353741750121E-02  0.1416116503906250E+05
  0.3623407334089279E-02  0.1427019628906250E+05
  0.3659823210909963E-02  0.1437972851562500E+05
  0.3696604864671826E-02  0.1448975585937500E+05
  0.3733756253495812E-02  0.1460027343750000E+05
  0.3771280869841576E-02  0.1471127832031250E+05
  0.3809183137491345E-02  0.1482276269531250E+05
  0.3847465850412846E-02  0.1493472265625000E+05
  0.3886133432388306E-02  0.1504715136718750E+05
  0.3925189841538668E-02  0.1516004296875000E+05
  0.3964638803154230E-02  0.1527339160156250E+05
  0.4004483576864004E-02  0.1538719238281250E+05
  0.4044729284942150E-02  0.1550143847656250E+05
  0.4085379652678967E-02  0.1561612304687500E+05
  0.4126439336687326E-02  0.1573124023437500E+05
  0.4167910665273666E-02  0.1584678222656250E+05
  0.4209799226373434E-02  0.1596274121093750E+05
  0.4252108279615641E-02  0.1607911132812500E+05
  0.4294842481613159E-02  0.1619588378906250E+05
  0.4338006023317575E-02  0.1631305175781250E+05
  0.4381604027003050E-02  0.1643060742187500E+05
  0.4425639752298594E-02  0.1654854296875000E+05
  0.4470118321478367E-02  0.1666684765625000E+05
  0.4515043459832668E-02  0.1678551562500000E+05
  0.4560420289635658E-02  0.1690453515625000E+05
  0.4606253467500210E-02  0.1702390039062500E+05
  0.4652547184377909E-02  0.1714359960937500E+05
  0.4699305631220341E-02  0.1726362695312500E+05
  0.4746534395962954E-02  0.1738396679687500E+05
  0.4794237669557333E-02  0.1750461328125000E+05
  0.4842421039938927E-02  0.1762555273437500E+05
  0.4891087766736746E-02  0.1774677734375000E+05
  0.4940244369208813E-02  0.1786827539062500E+05
  0.4989894572645426E-02  0.1799003710937500E+05
  0.5040043499320745E-02  0.1811205078125000E+05
  0.5090696737170219E-02  0.1823430468750000E+05
  0.5141858942806721E-02  0.1835678515625000E+05
  0.5193535704165697E-02  0.1847948046875000E+05
  0.5245731677860022E-02  0.1860238085937500E+05
  0.5298452917486429E-02  0.1872547070312500E+05
  0.5351703613996506E-02  0.1884873828125000E+05
  0.5405488889664412E-02  0.1897217187500000E+05
  0.5459814798086882E-02  0.1909575585937500E+05
  0.5514685530215502E-02  0.1921947656250000E+05
  0.5570110399276018E-02  0.1934332226562500E+05
  0.5626089405268431E-02  0.1946727539062500E+05
  0.5682633724063635E-02  0.1959132421875000E+05
  0.5739743821322918E-02  0.1971545117187500E+05
  0.5797430872917175E-02  0.1983964062500000E+05
  0.5855694413185120E-02  0.1996387890625000E+05
  0.5914546549320221E-02  0.2008814843750000E+05
  0.5973986815661192E-02  0.2021243554687500E+05
  0.6034028250724077E-02  0.2033672460937500E+05
  0.6094672251492739E-02  0.2046099609375000E+05
  0.6155923474580050E-02  0.2058523632812500E+05
  0.6217792630195618E-02  0.2070942382812500E+05
  0.6280281115323305E-02  0.2083354101562500E+05
  0.6343400571495295E-02  0.2095757031250000E+05
  0.6407150998711586E-02  0.2108149609375000E+05
  0.6471545435488224E-02  0.2120529492187500E+05
  0.6536584347486496E-02  0.2132895312500000E+05
  0.6602279376238585E-02  0.2145244726562500E+05
  0.6668631453067064E-02  0.2157576171875000E+05
  0.6735654082149267E-02  0.2169887304687500E+05
  0.6803346797823906E-02  0.2182176367187500E+05
  0.6871723104268312E-02  0.2194441015625000E+05
  0.6940783467143774E-02  0.2206679296875000E+05
  0.7010541390627623E-02  0.2218888867187500E+05
  0.7080996409058571E-02  0.2231067968750000E+05
  0.7152163423597813E-02  0.2243213867187500E+05
  0.7224041502922773E-02  0.2255324609375000E+05
  0.7296646479517221E-02  0.2267397851562500E+05
  0.7369977422058582E-02  0.2279431445312500E+05
  0.7444048300385475E-02  0.2291422656250000E+05
  0.7518860511481762E-02  0.2303369335937500E+05
  0.7594428025186062E-02  0.2315269140625000E+05
  0.7670750841498375E-02  0.2327119531250000E+05
  0.7747845258563757E-02  0.2338917773437500E+05
  0.7825713604688644E-02  0.2350661718750000E+05
  0.7904361933469772E-02  0.2362348632812500E+05
  0.7983803749084473E-02  0.2373975781250000E+05
  0.8064040914177895E-02  0.2385540625000000E+05
  0.8145087398588657E-02  0.2397040429687500E+05
  0.8226944133639336E-02  0.2408472656250000E+05
  0.8309628814458847E-02  0.2419834375000000E+05
  0.8393140509724617E-02  0.2431122851562500E+05
  0.8477495051920414E-02  0.2442334960937500E+05
  0.8562692441046238E-02  0.2453468359375000E+05
  0.8648751303553581E-02  0.2464519726562500E+05
  0.8735670708119869E-02  0.2475486523437500E+05
  0.8823467418551445E-02  0.2486365625000000E+05
  0.8912142366170883E-02  0.2497153710937500E+05
  0.9001712314784527E-02  0.2507847851562500E+05
  0.9092180058360100E-02  0.2518445117187500E+05
  0.9183559566736221E-02  0.2528941992187500E+05
  0.9275853633880615E-02  0.2539335937500000E+05
  0.9369079023599625E-02  0.2549623437500000E+05
  0.9463237598538399E-02  0.2559801171875000E+05
  0.9558347053825855E-02  0.2569866015625000E+05
  0.9654408320784569E-02  0.2579814453125000E+05
  0.9751439094543457E-02  0.2589643359375000E+05
  0.9849439375102520E-02  0.2599349023437500E+05
  0.9948430582880974E-02  0.2608928320312500E+05
  0.1004841551184654E-01  0.2618377734375000E+05
  0.1014940161257982E-01  0.2627694140625000E+05
  0.1025140751153231E-01  0.2636873632812500E+05
  0.1035443320870399E-01  0.2645912695312500E+05
  0.1045849919319153E-01  0.2654808007812500E+05
  0.1056360639631748E-01  0.2663555664062500E+05
  0.1066977530717850E-01  0.2672151953125000E+05
  0.1077700592577457E-01  0.2680593359375000E+05
  0.1088531874120235E-01  0.2688876171875000E+05
  0.1099471468478441E-01  0.2696997070312500E+05
  0.1110521610826254E-01  0.2704951953125000E+05
  0.1121682208031416E-01  0.2712737109375000E+05
  0.1132955588400364E-01  0.2720348632812500E+05
  0.1144341751933098E-01  0.2727782617187500E+05
  0.1155842747539282E-01  0.2735035351562500E+05
  0.1167458947747946E-01  0.2742103320312500E+05
  0.1179192401468754E-01  0.2748982421875000E+05
  0.1191043108701706E-01  0.2755668945312500E+05
  0.1203013584017754E-01  0.2762158593750000E+05
  0.1215103827416897E-01  0.2768447656250000E+05
  0.1227316074073315E-01  0.2774531835937500E+05
  0.1239650510251522E-01  0.2780407617187500E+05
  0.1252109464257956E-01  0.2786070898437500E+05
  0.1264693029224873E-01  0.2791517968750000E+05
  0.1277403719723225E-01  0.2796744726562500E+05
  0.1290241535753012E-01  0.2801747070312500E+05
  0.1303209085017443E-01  0.2806521093750000E+05
  0.1316306740045547E-01  0.2811062890625000E+05
  0.1329535525292158E-01  0.2815368554687500E+05
  0.1342897955328226E-01  0.2819433789062500E+05
  0.1356393843889236E-01  0.2823255078125000E+05
  0.1370026171207428E-01  0.2826828320312500E+05
  0.1383794844150543E-01  0.2830149804687500E+05
  0.1397702563554049E-01  0.2833215625000000E+05
  0.1411749422550201E-01  0.2836021875000000E+05
  0.1425937935709953E-01  0.2838564453125000E+05
  0.1440268475562334E-01  0.2840839843750000E+05
  0.1454743742942810E-01  0.2842843945312500E+05
  0.1469363830983639E-01  0.2844573046875000E+05
  0.1484131626784801E-01  0.2846023828125000E+05
  0.1499046944081783E-01  0.2847192578125000E+05
  0.1514112949371338E-01  0.2848075390625000E+05
  0.1529329642653465E-01  0.2848668750000000E+05
  0.1544700097292662E-01  0.2848969335937500E+05
  0.1560224127024412E-01  0.2848973632812500E+05
  0.1575904898345470E-01  0.2848678320312500E+05
  0.1591742783784866E-01  0.2848080078125000E+05
  0.1607740484178066E-01  0.2847175976562500E+05
  0.1623898185789585E-01  0.2845962500000000E+05
  0.1640218868851662E-01  0.2844436914062500E+05
  0.1656702905893326E-01  0.2842595898437500E+05
  0.1673353463411331E-01  0.2840436914062500E+05
  0.1690171286463737E-01  0.2837956835937500E+05
  0.1707157306373119E-01  0.2835153320312500E+05
  0.1724315062165260E-01  0.2832023632812500E+05
  0.1741644181311131E-01  0.2828565625000000E+05
  0.1759148575365543E-01  0.2824776953125000E+05
  0.1776827871799469E-01  0.2820655273437500E+05
  0.1794685609638691E-01  0.2816198632812500E+05
  0.1812721975147724E-01  0.2811405468750000E+05
  0.1830940693616867E-01  0.2806273632812500E+05
  0.1849341392517090E-01  0.2800801953125000E+05
  0.1867927983403206E-01  0.2794988867187500E+05
  0.1886700466275215E-01  0.2788833203125000E+05
  0.1905662566423416E-01  0.2782333984375000E+05
  0.1924814470112324E-01  0.2775490429687500E+05
  0.1944159530103207E-01  0.2768301757812500E+05
  0.1963698305189610E-01  0.2760767578125000E+05
  0.1983434148132801E-01  0.2752887695312500E+05
  0.2003367431461811E-01  0.2744661914062500E+05
  0.2023502066731453E-01  0.2736090429687500E+05
  0.2043838053941727E-01  0.2727173828125000E+05
  0.2064379490911961E-01  0.2717912695312500E+05
  0.2085126377642155E-01  0.2708308007812500E+05
  0.2106082625687122E-01  0.2698360937500000E+05
  0.2127248607575893E-01  0.2688072851562500E+05
  0.2148628421127796E-01  0.2677445703125000E+05
  0.2170222811400890E-01  0.2666481250000000E+05
  0.2192033454775810E-01  0.2655181640625000E+05
  0.2214064262807369E-01  0.2643549414062500E+05
  0.2236315421760082E-01  0.2631587500000000E+05
  0.2258791215717793E-01  0.2619298632812500E+05
  0.2281492017209530E-01  0.2606686523437500E+05
  0.2304421924054623E-01  0.2593754492187500E+05
  0.2327581122517586E-01  0.2580507031250000E+05
  0.2350974269211292E-01  0.2566948046875000E+05
  0.2374601364135742E-01  0.2553082226562500E+05
  0.2398467063903809E-01  0.2538914843750000E+05
  0.2422571554780006E-01  0.2524450976562500E+05
  0.2446919120848179E-01  0.2509696093750000E+05
  0.2471510507166386E-01  0.2494656250000000E+05
  0.2496350184082985E-01  0.2479337890625000E+05
  0.2521438337862492E-01  0.2463747265625000E+05
  0.2546779811382294E-01  0.2447891015625000E+05
  0.2572374790906906E-01  0.2431776953125000E+05
  0.2598228119313717E-01  0.2415412695312500E+05
  0.2624340169131756E-01  0.2398805859375000E+05
  0.2650715783238411E-01  0.2381965039062500E+05
  0.2677355334162712E-01  0.2364898632812500E+05
  0.2704263851046562E-01  0.2347615039062500E+05
  0.2731441333889961E-01  0.2330123828125000E+05
  0.2758893370628357E-01  0.2312434765625000E+05
  0.2786620147526264E-01  0.2294557226562500E+05
  0.2814626693725586E-01  0.2276501367187500E+05
  0.2842915058135986E-01  0.2258277929687500E+05
  0.2871485799551010E-01  0.2239897460937500E+05
  0.2900345437228680E-01  0.2221370507812500E+05
  0.2929493598639965E-01  0.2202708789062500E+05
  0.2958936430513859E-01  0.2183923828125000E+05
  0.2988673374056816E-01  0.2165026953125000E+05
  0.3018710948526859E-01  0.2146030273437500E+05
  0.3049048408865929E-01  0.2126946093750000E+05
  0.3079692646861076E-01  0.2107786718750000E+05
  0.3110643289983273E-01  0.2088564257812500E+05
  0.3141906484961510E-01  0.2069292187500000E+05
  0.3173482418060303E-01  0.2049982617187500E+05
  0.3205377236008644E-01  0.2030648437500000E+05
  0.3237590938806534E-01  0.2011303125000000E+05
  0.3270129859447479E-01  0.1991959960937500E+05
  0.3302994742989540E-01  0.1972631640625000E+05
  0.3336191177368164E-01  0.1953331640625000E+05
  0.3369719535112381E-01  0.1934073437500000E+05
  0.3403586521744728E-01  0.1914869921875000E+05
  0.3437792137265205E-01  0.1895734570312500E+05
  0.3472343459725380E-01  0.1876680468750000E+05
  0.3507240116596222E-01  0.1857720703125000E+05
  0.3542489185929298E-01  0.1838868164062500E+05
  0.3578091040253639E-01  0.1820135546875000E+05
  0.3614052385091782E-01  0.1801535742187500E+05
  0.3650375083088875E-01  0.1783081250000000E+05
  0.3687060624361038E-01  0.1764784179687500E+05
  0.3724117204546928E-01  0.1746656640625000E+05
  0.3761544451117516E-01  0.1728710156250000E+05
  0.3799349442124367E-01  0.1710956250000000E+05
  0.3837532550096512E-01  0.1693405664062500E+05
  0.3876101225614548E-01  0.1676069531250000E+05
  0.3915055841207504E-01  0.1658957812500000E+05
  0.3954403474926949E-01  0.1642080078125000E+05
  0.3994145244359970E-01  0.1625446191406250E+05
  0.4034287855029106E-01  0.1609064746093750E+05
  0.4074832051992416E-01  0.1592944042968750E+05
  0.4115785658359528E-01  0.1577091796875000E+05
  0.4157149046659470E-01  0.1561515039062500E+05
  0.4198930040001869E-01  0.1546220507812500E+05
  0.4241129010915756E-01  0.1531213769531250E+05
  0.4283754155039787E-01  0.1516500000000000E+05
  0.4326805472373962E-01  0.1502083886718750E+05
  0.4370291531085968E-01  0.1487968750000000E+05
  0.4414212703704834E-01  0.1474157519531250E+05
  0.4458577185869217E-01  0.1460652734375000E+05
  0.4503385350108147E-01  0.1447455175781250E+05
  0.4548646509647369E-01  0.1434565332031250E+05
  0.4594359919428825E-01  0.1421983007812500E+05
  0.4640534892678261E-01  0.1409706640625000E+05
  0.4687174409627914E-01  0.1397733496093750E+05
  0.4734279960393906E-01  0.1386060742187500E+05
  0.4781861603260040E-01  0.1374683984375000E+05
  0.4829918593168259E-01  0.1363597558593750E+05
  0.4878461360931396E-01  0.1352795898437500E+05
  0.4927489534020424E-01  0.1342271289062500E+05
  0.4977012425661087E-01  0.1332015039062500E+05
  0.5027031153440475E-01  0.1322018359375000E+05
  0.5077554658055305E-01  0.1312270117187500E+05
  0.5128583684563637E-01  0.1302759277343750E+05
  0.5180127918720245E-01  0.1293473535156250E+05
  0.5232188105583191E-01  0.1284398730468750E+05
  0.5284773558378220E-01  0.1275520605468750E+05
  0.5337885022163391E-01  0.1266823339843750E+05
  0.5391532927751541E-01  0.1258290234375000E+05
  0.5445717647671700E-01  0.1249904101562500E+05
  0.5500449240207672E-01  0.1241646093750000E+05
  0.5555728077888489E-01  0.1233497265625000E+05
  0.5611565336585045E-01  0.1225437402343750E+05
  0.5667961388826370E-01  0.1217445507812500E+05
  0.5724926665425301E-01  0.1209500390625000E+05
  0.5782461538910866E-01  0.1201579589843750E+05
  0.5840577185153961E-01  0.1193660937500000E+05
  0.5899274721741676E-01  0.1185721289062500E+05
  0.5958564952015877E-01  0.1177737597656250E+05
  0.6018447875976562E-01  0.1169686523437500E+05
  0.6078936159610748E-01  0.1161544628906250E+05
  0.6140031665563583E-01  0.1153288964843750E+05
  0.6201738119125366E-01  0.1144896582031250E+05
  0.6264068186283112E-01  0.1136345312500000E+05
  0.6327021121978760E-01  0.1127613476562500E+05
  0.6390611082315445E-01  0.1118680078125000E+05
  0.6454835832118988E-01  0.1109525195312500E+05
  0.6519709527492523E-01  0.1100130078125000E+05
  0.6585231423377991E-01  0.1090477343750000E+05
  0.6651416420936584E-01  0.1080551464843750E+05
  0.6718262284994125E-01  0.1070338378906250E+05
  0.6785783171653748E-01  0.1059826171875000E+05
  0.6853979825973511E-01  0.1049004785156250E+05
  0.6922865658998489E-01  0.1037866796875000E+05
  0.6992439180612564E-01  0.1026407128906250E+05
  0.7062716782093048E-01  0.1014624121093750E+05
  0.7133696228265762E-01  0.1002518164062500E+05
  0.7205392420291901E-01  0.9900918945312500E+04
  0.7277806103229523E-01  0.9773505859375000E+04
  0.7350950688123703E-01  0.9643038085937500E+04
  0.7424827665090561E-01  0.9509635742187500E+04
  0.7499449700117111E-01  0.9373447265625000E+04
  0.7574818283319473E-01  0.9234653320312500E+04
  0.7650949060916901E-01  0.9093463867187500E+04
  0.7727840542793274E-01  0.8950118164062500E+04
  0.7805508375167847E-01  0.8804879882812500E+04
  0.7883957028388977E-01  0.8658040039062500E+04
  0.7963189482688904E-01  0.8509908203125000E+04
  0.8043222874403000E-01  0.8360825195312500E+04
  0.8124056458473206E-01  0.8211141601562500E+04
  0.8205706626176834E-01  0.8061224121093750E+04
  0.8288173377513885E-01  0.7911454101562500E+04
  0.8371472358703613E-01  0.7762221679687500E+04
  0.8455605059862137E-01  0.7613922363281250E+04
  0.8540587872266769E-01  0.7466950195312500E+04
  0.8626419305801392E-01  0.7321703125000000E+04
  0.8713118731975555E-01  0.7178569335937500E+04
  0.8800684660673141E-01  0.7037925292968750E+04
  0.8889134973287582E-01  0.6900141113281250E+04
  0.8978470414876938E-01  0.6765563476562500E+04
  0.9068707376718521E-01  0.6634521484375000E+04
  0.9159847348928452E-01  0.6507316894531250E+04
  0.9251907467842102E-01  0.6384228027343750E+04
  0.9344887733459473E-01  0.6265501953125000E+04
  0.9438807517290115E-01  0.6151352050781250E+04
  0.9533667564392090E-01  0.6041955566406250E+04
  0.9629484266042709E-01  0.5937456054687500E+04
  0.9726259857416153E-01  0.5837952636718750E+04
  0.9824012964963913E-01  0.5743506347656250E+04
  0.9922743588685989E-01  0.5654131835937500E+04
  0.1002247035503387E+00  0.5569808593750000E+04
  0.1012320071458817E+00  0.5490462890625000E+04
  0.1022493764758110E+00  0.5415980957031250E+04
  0.1032770201563835E+00  0.5346205078125000E+04
  0.1043149530887604E+00  0.5280932128906250E+04
  0.1053633540868759E+00  0.5219919433593750E+04
  0.1064222529530525E+00  0.5162858398437500E+04
  0.1074918285012245E+00  0.5109430175781250E+04
  0.1085721179842949E+00  0.5059312011718750E+04
  0.1096633151173592E+00  0.5012104003906250E+04
  0.1107654124498367E+00  0.4967358886718750E+04
  0.1118786558508873E+00  0.4924596191406250E+04
  0.1130030229687691E+00  0.4883314941406250E+04
  0.1141387522220612E+00  0.4843001464843750E+04
  0.1152858361601830E+00  0.4803136718750000E+04
  0.1164445057511330E+00  0.4763210449218750E+04
  0.1176147684454918E+00  0.4722729003906250E+04
  0.1187968328595161E+00  0.4681217285156250E+04
  0.1199907436966896E+00  0.4638229492187500E+04
  0.1211966872215271E+00  0.4593352539062500E+04
  0.1224147081375122E+00  0.4546208496093750E+04
  0.1236450299620628E+00  0.4496459960937500E+04
  0.1248876452445984E+00  0.4443819335937500E+04
  0.1261428147554398E+00  0.4388057617187500E+04
  0.1274105459451675E+00  0.4329015136718750E+04
  0.1286910772323608E+00  0.4266608398437500E+04
  0.1299844682216644E+00  0.4200840820312500E+04
  0.1312908083200455E+00  0.4131816894531250E+04
  0.1326103210449219E+00  0.4059719482421875E+04
  0.1339430510997772E+00  0.3984826904296875E+04
  0.1352892369031906E+00  0.3907501220703125E+04
  0.1366488784551620E+00  0.3828154296875000E+04
  0.1380222439765930E+00  0.3747242919921875E+04
  0.1394093632698059E+00  0.3665280517578125E+04
  0.1408104896545410E+00  0.3582816650390625E+04
  0.1422256231307983E+00  0.3500402832031250E+04
  0.1436550319194794E+00  0.3418575927734375E+04
  0.1450987607240677E+00  0.3337888671875000E+04
  0.1465570628643036E+00  0.3258902832031250E+04
  0.1480299532413483E+00  0.3182150878906250E+04
  0.1495177149772644E+00  0.3108115478515625E+04
  0.1510203480720520E+00  0.3037232177734375E+04
  0.1525381654500961E+00  0.2969883300781250E+04
  0.1540711671113968E+00  0.2906351074218750E+04
  0.1556196361780167E+00  0.2846815917968750E+04
  0.1571836024522781E+00  0.2791380371093750E+04
  0.1587633490562439E+00  0.2740075195312500E+04
  0.1603589206933975E+00  0.2692844238281250E+04
  0.1619705855846405E+00  0.2649547851562500E+04
  0.1635983735322952E+00  0.2609972412109375E+04
  0.1652426123619080E+00  0.2573833496093750E+04
  0.1669032722711563E+00  0.2540780517578125E+04
  0.1685807257890701E+00  0.2510388183593750E+04
  0.1702750325202942E+00  0.2482158691406250E+04
  0.1719862818717957E+00  0.2455545898437500E+04
  0.1737148016691208E+00  0.2429981689453125E+04
  0.1754606217145920E+00  0.2404895019531250E+04
  0.1772240847349167E+00  0.2379730712890625E+04
  0.1790051609277725E+00  0.2353970458984375E+04
  0.1808042377233505E+00  0.2327134765625000E+04
  0.1826213151216507E+00  0.2298809814453125E+04
  0.1844567209482193E+00  0.2268656982421875E+04
  0.1863104999065399E+00  0.2236406494140625E+04
  0.1881829947233200E+00  0.2201888427734375E+04
  0.1900742202997208E+00  0.2165061035156250E+04
  0.1919845342636108E+00  0.2125996337890625E+04
  0.1939139664173126E+00  0.2084874023437500E+04
  0.1958628743886948E+00  0.2041999267578125E+04
  0.1978312879800797E+00  0.1997758544921875E+04
  0.1998195648193359E+00  0.1952584228515625E+04
  0.2018277347087860E+00  0.1906951416015625E+04
  0.2038561850786209E+00  0.1861361572265625E+04
  0.2059049308300018E+00  0.1816326171875000E+04
  0.2079743593931198E+00  0.1772352050781250E+04
  0.2100644707679749E+00  0.1729909423828125E+04
  0.2121756970882416E+00  0.1689402832031250E+04
  0.2143080532550812E+00  0.1651149536132812E+04
  0.2164619266986847E+00  0.1615367309570312E+04
  0.2186374664306641E+00  0.1582171630859375E+04
  0.2208347618579865E+00  0.1551576538085938E+04
  0.2230542153120041E+00  0.1523514648437500E+04
  0.2252959161996841E+00  0.1497832519531250E+04
  0.2275602221488953E+00  0.1474275756835938E+04
  0.2298471927642822E+00  0.1452509155273438E+04
  0.2321572452783585E+00  0.1432134399414062E+04
  0.2344903945922852E+00  0.1412707885742188E+04
  0.2368471175432205E+00  0.1393787963867188E+04
  0.2392274141311646E+00  0.1374949584960938E+04
  0.2416317313909531E+00  0.1355804687500000E+04
  0.2440601289272308E+00  0.1336013549804688E+04
  0.2465130239725113E+00  0.1315300537109375E+04
  0.2489904463291168E+00  0.1293477172851562E+04
  0.2514929175376892E+00  0.1270458984375000E+04
  0.2540203928947449E+00  0.1246289062500000E+04
  0.2565734088420868E+00  0.1221109375000000E+04
  0.2591519355773926E+00  0.1195135986328125E+04
  0.2617565095424652E+00  0.1168648681640625E+04
  0.2643871605396271E+00  0.1141966796875000E+04
  0.2670443654060364E+00  0.1115444458007812E+04
  0.2697281241416931E+00  0.1089441528320312E+04
  0.2724390029907227E+00  0.1064289184570312E+04
  0.2751770019531250E+00  0.1040253295898438E+04
  0.2779426276683807E+00  0.1017516662597656E+04
  0.2807360589504242E+00  0.9961905517578125E+03
  0.2835574448108673E+00  0.9763090209960938E+03
  0.2864072918891907E+00  0.9578256225585938E+03
  0.2892856597900391E+00  0.9406087036132812E+03
  0.2921931147575378E+00  0.9244466552734375E+03
  0.2951296269893646E+00  0.9090817871093750E+03
  0.2980957925319672E+00  0.8942400512695312E+03
  0.3010917603969574E+00  0.8796549072265625E+03
  0.3041175603866577E+00  0.8650748901367188E+03
  0.3071740865707397E+00  0.8502749633789062E+03
  0.3102613091468811E+00  0.8350926513671875E+03
  0.3133795559406281E+00  0.8194478759765625E+03
  0.3165288269519806E+00  0.8033453369140625E+03
  0.3197100758552551E+00  0.7868552856445312E+03
  0.3229232728481293E+00  0.7700948486328125E+03
  0.3261688053607941E+00  0.7532333984375000E+03
  0.3294466137886047E+00  0.7364777221679688E+03
  0.3327576816082001E+00  0.7200386962890625E+03
  0.3361020088195801E+00  0.7040941772460938E+03
  0.3394799828529358E+00  0.6887794799804688E+03
  0.3428915739059448E+00  0.6741870117187500E+03
  0.3463377654552460E+00  0.6603601074218750E+03
  0.3498185873031616E+00  0.6472755737304688E+03
  0.3533344268798828E+00  0.6348444824218750E+03
  0.3568852245807648E+00  0.6229424438476562E+03
  0.3604720532894135E+00  0.6114317626953125E+03
  0.3640949726104736E+00  0.6001639404296875E+03
  0.3677542507648468E+00  0.5889906616210938E+03
  0.3714503347873688E+00  0.5777933959960938E+03
  0.3751831948757172E+00  0.5665075683593750E+03
  0.3789539337158203E+00  0.5551129150390625E+03
  0.3827625513076782E+00  0.5436230468750000E+03
  0.3866094946861267E+00  0.5320941162109375E+03
  0.3904947042465210E+00  0.5206227416992188E+03
  0.3944193124771118E+00  0.5093139648437500E+03
  0.3983833789825439E+00  0.4982586059570312E+03
  0.4023872911930084E+00  0.4875346984863281E+03
  0.4064310789108276E+00  0.4772026977539062E+03
  0.4105158448219299E+00  0.4672799072265625E+03
  0.4146417379379272E+00  0.4577413024902344E+03
  0.4188090264797211E+00  0.4485417785644531E+03
  0.4230177998542786E+00  0.4396215209960938E+03
  0.4272693395614624E+00  0.4309002685546875E+03
  0.4315635561943054E+00  0.4223022460937500E+03
  0.4359009265899658E+00  0.4137786865234375E+03
  0.4402814805507660E+00  0.4052984313964844E+03
  0.4447064697742462E+00  0.3968475646972656E+03
  0.4491759538650513E+00  0.3884465637207031E+03
  0.4536903798580170E+00  0.3801364746093750E+03
  0.4582496881484985E+00  0.3719565124511719E+03
  0.4628553092479706E+00  0.3639497680664062E+03
  0.4675071537494659E+00  0.3561572875976562E+03
  0.4722057878971100E+00  0.3485947875976562E+03
  0.4769516587257385E+00  0.3412589111328125E+03
  0.4817447662353516E+00  0.3341394653320312E+03
  0.4865864515304565E+00  0.3272059631347656E+03
  0.4914768934249878E+00  0.3204194641113281E+03
  0.4964163899421692E+00  0.3137530822753906E+03
  0.5014051198959351E+00  0.3071815795898438E+03
  0.5064443945884705E+00  0.3006879577636719E+03
  0.5115343928337097E+00  0.2942781066894531E+03
  0.5166755318641663E+00  0.2879618225097656E+03
  0.5218678116798401E+00  0.2817525329589844E+03
  0.5271128416061401E+00  0.2756739807128906E+03
  0.5324105024337769E+00  0.2697371826171875E+03
  0.5377613902091980E+00  0.2639465942382812E+03
  0.5431656241416931E+00  0.2583048095703125E+03
  0.5486246347427368E+00  0.2527975921630859E+03
  0.5541385412216187E+00  0.2474113311767578E+03
  0.5597078800201416E+00  0.2421337890625000E+03
  0.5653325915336609E+00  0.2369483337402344E+03
  0.5710144639015198E+00  0.2318515930175781E+03
  0.5767533779144287E+00  0.2268417968750000E+03
  0.5825499892234802E+00  0.2219203338623047E+03
  0.5884042978286743E+00  0.2170976257324219E+03
  0.5943179726600647E+00  0.2123754730224609E+03
  0.6002910733222961E+00  0.2077594757080078E+03
  0.6063242554664612E+00  0.2032496032714844E+03
  0.6124180555343628E+00  0.1988394775390625E+03
  0.6185724735260010E+00  0.1945265197753906E+03
  0.6247894167900085E+00  0.1903002777099609E+03
  0.6310687661170959E+00  0.1861579132080078E+03
  0.6374112963676453E+00  0.1820950164794922E+03
  0.6438169479370117E+00  0.1781102142333984E+03
  0.6502875089645386E+00  0.1742061920166016E+03
  0.6568231582641602E+00  0.1703817749023438E+03
  0.6634244918823242E+00  0.1666409301757812E+03
  0.6700915098190308E+00  0.1629801483154297E+03
  0.6768262386322021E+00  0.1593999786376953E+03
  0.6836286187171936E+00  0.1558955383300781E+03
  0.6904993653297424E+00  0.1524647674560547E+03
  0.6974384784698486E+00  0.1491043548583984E+03
  0.7044480443000793E+00  0.1458122711181641E+03
  0.7115280032157898E+00  0.1425883636474609E+03
  0.7186791300773621E+00  0.1394311981201172E+03
  0.7259014248847961E+00  0.1363416595458984E+03
  0.7331970334053040E+00  0.1333176727294922E+03
  0.7405660152435303E+00  0.1303592681884766E+03
  0.7480089664459229E+00  0.1274633178710938E+03
  0.7555260062217712E+00  0.1246293640136719E+03
  0.7631193399429321E+00  0.1218543243408203E+03
  0.7707890272140503E+00  0.1191381378173828E+03
  0.7785357832908630E+00  0.1164787750244141E+03
  0.7863603234291077E+00  0.1138763198852539E+03
  0.7942628264427185E+00  0.1113294296264648E+03
  0.8022454977035522E+00  0.1088373184204102E+03
  0.8103083968162537E+00  0.1063990097045898E+03
  0.8184522986412048E+00  0.1040125961303711E+03
  0.8266773223876953E+00  0.1016777648925781E+03
  0.8349857330322266E+00  0.9939217376708984E+02
  0.8433775901794434E+00  0.9715622711181641E+02
  0.8518539071083069E+00  0.9496780395507812E+02
  0.8604146242141724E+00  0.9282711029052734E+02
  0.8690620660781860E+00  0.9073265075683594E+02
  0.8777965307235718E+00  0.8868350982666016E+02
  0.8866187334060669E+00  0.8667918395996094E+02
  0.8955286741256714E+00  0.8471784210205078E+02
  0.9045291543006897E+00  0.8279946136474609E+02
  0.9136199951171875E+00  0.8092256164550781E+02
  0.9228023290634155E+00  0.7908639526367188E+02
  0.9320759773254395E+00  0.7729061126708984E+02
  0.9414436221122742E+00  0.7553364562988281E+02
  0.9509055614471436E+00  0.7381526947021484E+02
  0.9604624509811401E+00  0.7213455963134766E+02
  0.9701146483421326E+00  0.7049028778076172E+02
  0.9798645973205566E+00  0.6888226318359375E+02
  0.9897126555442810E+00  0.6730950164794922E+02
  0.9996597170829773E+00  0.6577095031738281E+02
  0.1009706735610962E+01  0.6426644134521484E+02
  0.1019853711128235E+01  0.6279502105712891E+02
  0.1030103564262390E+01  0.6135577011108398E+02
  0.1040456533432007E+01  0.5994841384887695E+02
  0.1050913572311401E+01  0.5857219696044922E+02
  0.1061474680900574E+01  0.5722623825073242E+02
  0.1072142839431763E+01  0.5591008758544922E+02
  0.1082918286323547E+01  0.5462329101562500E+02
  0.1093802094459534E+01  0.5336497116088867E+02
  0.1104794263839722E+01  0.5213451385498047E+02
  0.1115897774696350E+01  0.5093150329589844E+02
  0.1127113103866577E+01  0.4975542449951172E+02
  0.1138440966606140E+01  0.4860552215576172E+02
  0.1149881601333618E+01  0.4748119735717773E+02
  0.1161438465118408E+01  0.4638201522827148E+02
  0.1173111319541931E+01  0.4530750656127930E+02
  0.1184901475906372E+01  0.4425702667236328E+02
  0.1196809172630310E+01  0.4322999191284180E+02
  0.1208837509155273E+01  0.4222594070434570E+02
  0.1220986843109131E+01  0.4124442291259766E+02
  0.1233258247375488E+01  0.4028498077392578E+02
  0.1245651841163635E+01  0.3934711074829102E+02
  0.1258171200752258E+01  0.3843029785156250E+02
  0.1270816326141357E+01  0.3753410339355469E+02
  0.1283588409423828E+01  0.3665808868408203E+02
  0.1296487808227539E+01  0.3580187225341797E+02
  0.1309517979621887E+01  0.3496503067016602E+02
  0.1322679162025452E+01  0.3414715194702148E+02
  0.1335972666740417E+01  0.3334782028198242E+02
  0.1349399685859680E+01  0.3256661605834961E+02
  0.1362960457801819E+01  0.3180315589904785E+02
  0.1376658797264099E+01  0.3105704498291016E+02
  0.1390494704246521E+01  0.3032788848876953E+02
  0.1404469728469849E+01  0.2961531639099121E+02
  0.1418583869934082E+01  0.2891911697387695E+02
  0.1432841181755066E+01  0.2823870468139648E+02
  0.1447241783142090E+01  0.2757374954223633E+02
  0.1461787223815918E+01  0.2692393302917480E+02
  0.1476477265357971E+01  0.2628893852233887E+02
  0.1491316437721252E+01  0.2566845703125000E+02
  0.1506304740905762E+01  0.2506218719482422E+02
  0.1521443724632263E+01  0.2446982765197754E+02
  0.1536733388900757E+01  0.2389108085632324E+02
  0.1552178144454956E+01  0.2332564163208008E+02
  0.1567778229713440E+01  0.2277321052551270E+02
  0.1583535075187683E+01  0.2223349571228027E+02
  0.1599448561668396E+01  0.2170621109008789E+02
  0.1615523695945740E+01  0.2119107627868652E+02
  0.1631760358810425E+01  0.2068781852722168E+02
  0.1648160099983215E+01  0.2019616889953613E+02
  0.1664723157882690E+01  0.1971587181091309E+02
  0.1681454420089722E+01  0.1924667739868164E+02
  0.1698353648185730E+01  0.1878833580017090E+02
  0.1715422749519348E+01  0.1834061050415039E+02
  0.1732663393020630E+01  0.1790326309204102E+02
  0.1750075697898865E+01  0.1747606468200684E+02
  0.1767664790153503E+01  0.1705878829956055E+02
  0.1785430431365967E+01  0.1665121078491211E+02
  0.1803374767303467E+01  0.1625311470031738E+02
  0.1821497559547424E+01  0.1586428546905518E+02
  0.1839804410934448E+01  0.1548451232910156E+02
  0.1858295321464539E+01  0.1511359214782715E+02
  0.1876971840858459E+01  0.1475132274627686E+02
  0.1895834326744080E+01  0.1439750862121582E+02
  0.1914888262748718E+01  0.1405195808410645E+02
  0.1934133529663086E+01  0.1371448612213135E+02
  0.1953572392463684E+01  0.1338490962982178E+02
  0.1973204851150513E+01  0.1306305122375488E+02
  0.1993036270141602E+01  0.1274873733520508E+02
  0.2013067245483398E+01  0.1244179630279541E+02
  0.2033299207687378E+01  0.1214206218719482E+02
  0.2053732872009277E+01  0.1184937095642090E+02
  0.2074373483657837E+01  0.1156356334686279E+02
  0.2095221757888794E+01  0.1128448200225830E+02
  0.2116279602050781E+01  0.1101197242736816E+02
  0.2137547016143799E+01  0.1074588394165039E+02
  0.2159030199050903E+01  0.1048607063293457E+02
  0.2180729150772095E+01  0.1023238754272461E+02
  0.2202646493911743E+01  0.9984695434570312E+01
  0.2224783897399902E+01  0.9742855072021484E+01
  0.2247141838073730E+01  0.9506733894348145E+01
  0.2269726514816284E+01  0.9276200294494629E+01
  0.2292538166046143E+01  0.9051126480102539E+01
  0.2315578937530518E+01  0.8831386566162109E+01
  0.2338849306106567E+01  0.8616859436035156E+01
  0.2362355709075928E+01  0.8407423019409180E+01
  0.2386098384857178E+01  0.8202960968017578E+01
  0.2410079717636108E+01  0.8003358840942383E+01
  0.2434299468994141E+01  0.7808505058288574E+01
  0.2458765268325806E+01  0.7618288040161133E+01
  0.2483476638793945E+01  0.7432601451873779E+01
  0.2508436679840088E+01  0.7251340389251709E+01
  0.2533645153045654E+01  0.7074401855468750E+01
  0.2559109210968018E+01  0.6901685714721680E+01
  0.2584829330444336E+01  0.6733093738555908E+01
  0.2610807657241821E+01  0.6568530559539795E+01
  0.2637045145034790E+01  0.6407902240753174E+01
  0.2663548469543457E+01  0.6251117706298828E+01
  0.2690318107604980E+01  0.6098086357116699E+01
  0.2717356681823730E+01  0.5948721885681152E+01
  0.2744664669036865E+01  0.5802938461303711E+01
  0.2772249698638916E+01  0.5660652160644531E+01
  0.2800111770629883E+01  0.5521781444549561E+01
  0.2828253984451294E+01  0.5386246681213379E+01
  0.2856679201126099E+01  0.5253969192504883E+01
  0.2885387182235718E+01  0.5124873161315918E+01
  0.2914386510848999E+01  0.4998884201049805E+01
  0.2943677186965942E+01  0.4875929355621338E+01
  0.2973262310028076E+01  0.4755937099456787E+01
  0.3003141880035400E+01  0.4638837814331055E+01
  0.3033324718475342E+01  0.4524563312530518E+01
  0.3063810825347900E+01  0.4413048267364502E+01
  0.3094603538513184E+01  0.4304226398468018E+01
  0.3125702381134033E+01  0.4198034763336182E+01
  0.3157116889953613E+01  0.4094411373138428E+01
  0.3188847303390503E+01  0.3993295907974243E+01
  0.3220896482467651E+01  0.3894628524780273E+01
  0.3253264665603638E+01  0.3798351764678955E+01
  0.3285961151123047E+01  0.3704409122467041E+01
  0.3318986654281616E+01  0.3612745285034180E+01
  0.3352343559265137E+01  0.3523306131362915E+01
  0.3386032819747925E+01  0.3436039209365845E+01
  0.3420063495635986E+01  0.3350893020629883E+01
  0.3454436540603638E+01  0.3267816781997681E+01
  0.3489155292510986E+01  0.3186761856079102E+01
  0.3524219036102295E+01  0.3107680082321167E+01
  0.3559638977050781E+01  0.3030524253845215E+01
  0.3595414638519287E+01  0.2955248594284058E+01
  0.3631550312042236E+01  0.2881808757781982E+01
  0.3668048620223999E+01  0.2810160398483276E+01
  0.3704910516738892E+01  0.2740261316299438E+01
  0.3742146492004395E+01  0.2672069311141968E+01
  0.3779756546020508E+01  0.2605543613433838E+01
  0.3817744493484497E+01  0.2540644645690918E+01
  0.3856110334396362E+01  0.2477333307266235E+01
  0.3894865989685059E+01  0.2415571451187134E+01
  0.3934011220932007E+01  0.2355322360992432E+01
  0.3973549604415894E+01  0.2296549081802368E+01
  0.4013481616973877E+01  0.2239216804504395E+01
  0.4053818225860596E+01  0.2183290719985962E+01
  0.4094560623168945E+01  0.2128737211227417E+01
  0.4135712623596191E+01  0.2075523138046265E+01
  0.4177274703979492E+01  0.2023616552352905E+01
  0.4219257831573486E+01  0.1972985863685608E+01
  0.4261662960052490E+01  0.1923600554466248E+01
  0.4304494380950928E+01  0.1875430464744568E+01
  0.4347752094268799E+01  0.1828446507453918E+01
  0.4391448497772217E+01  0.1782619833946228E+01
  0.4435584545135498E+01  0.1737922787666321E+01
  0.4480164051055908E+01  0.1694327831268311E+01
  0.4525187015533447E+01  0.1651808381080627E+01
  0.4570667266845703E+01  0.1610338449478149E+01
  0.4616604328155518E+01  0.1569892764091492E+01
  0.4663002490997314E+01  0.1530446410179138E+01
  0.4709867954254150E+01  0.1491975188255310E+01
  0.4757199287414551E+01  0.1454455375671387E+01
  0.4805011272430420E+01  0.1417863965034485E+01
  0.4853303432464600E+01  0.1382178544998169E+01
  0.4902080535888672E+01  0.1347376942634583E+01
  0.4951344013214111E+01  0.1313437700271606E+01
  0.5001106739044189E+01  0.1280339956283569E+01
  0.5051370143890381E+01  0.1248063087463379E+01
  0.5102138519287109E+01  0.1216587305068970E+01
  0.5153411865234375E+01  0.1185892939567566E+01
  0.5205205917358398E+01  0.1155960917472839E+01
  0.5257520198822021E+01  0.1126772761344910E+01
  0.5310360431671143E+01  0.1098310351371765E+01
  0.5363726615905762E+01  0.1070555806159973E+01
  0.5417634010314941E+01  0.1043491959571838E+01
  0.5472083568572998E+01  0.1017101883888245E+01
  0.5527080535888672E+01  0.9913691878318787E+00
  0.5582623958587646E+01  0.9662777781486511E+00
  0.5638731956481934E+01  0.9418119788169861E+00
  0.5695403575897217E+01  0.9179564714431763E+00
  0.5752644538879395E+01  0.8946962952613831E+00
  0.5810455322265625E+01  0.8720169067382812E+00
  0.5868852615356445E+01  0.8499040007591248E+00
  0.5927836894989014E+01  0.8283437490463257E+00
  0.5987413883209229E+01  0.8073224425315857E+00
  0.6047590255737305E+01  0.7868269681930542E+00
  0.6108364582061768E+01  0.7668443918228149E+00
  0.6169755935668945E+01  0.7473619580268860E+00
  0.6231764793395996E+01  0.7283675074577332E+00
  0.6294396400451660E+01  0.7098488807678223E+00
  0.6357651710510254E+01  0.6917945146560669E+00
  0.6421548843383789E+01  0.6741927862167358E+00
  0.6486087799072266E+01  0.6570326685905457E+00
  0.6551275730133057E+01  0.6403032541275024E+00
  0.6617112159729004E+01  0.6239938139915466E+00
  0.6683617115020752E+01  0.6080940365791321E+00
  0.6750789642333984E+01  0.5925938487052917E+00
  0.6818638324737549E+01  0.5774832963943481E+00
  0.6887161731719971E+01  0.5627527832984924E+00
  0.6956380367279053E+01  0.5483928918838501E+00
  0.7026294231414795E+01  0.5343945026397705E+00
  0.7096911430358887E+01  0.5207486152648926E+00
  0.7168231010437012E+01  0.5074465274810791E+00
  0.7240274906158447E+01  0.4944797158241272E+00
  0.7313042640686035E+01  0.4818398952484131E+00
  0.7386541366577148E+01  0.4695188701152802E+00
  0.7460772514343262E+01  0.4575088024139404E+00
  0.7535756111145020E+01  0.4458019137382507E+00
  0.7611493587493896E+01  0.4343906342983246E+00
  0.7687992095947266E+01  0.4232676923274994E+00
  0.7765251159667969E+01  0.4124258458614349E+00
  0.7843296051025391E+01  0.4018580913543701E+00
  0.7922123908996582E+01  0.3915576636791229E+00
  0.8001744270324707E+01  0.3815178573131561E+00
  0.8082165718078613E+01  0.3717321753501892E+00
  0.8163386344909668E+01  0.3621942996978760E+00
  0.8245431900024414E+01  0.3528980314731598E+00
  0.8328301429748535E+01  0.3438373804092407E+00
  0.8412004470825195E+01  0.3350064158439636E+00
  0.8496540069580078E+01  0.3263994157314301E+00
  0.8581933021545410E+01  0.3180108070373535E+00
  0.8668186187744141E+01  0.3098351359367371E+00
  0.8755304336547852E+01  0.3018670380115509E+00
  0.8843290328979492E+01  0.2941013574600220E+00
  0.8932168960571289E+01  0.2865329980850220E+00
  0.9021940231323242E+01  0.2791570723056793E+00
  0.9112614631652832E+01  0.2719686925411224E+00
  0.9204191207885742E+01  0.2649632096290588E+00
  0.9296697616577148E+01  0.2581359744071960E+00
  0.9390132904052734E+01  0.2514825761318207E+00
  0.9484506607055664E+01  0.2449985891580582E+00
  0.9579820632934570E+01  0.2386797964572906E+00
  0.9676101684570312E+01  0.2325220257043839E+00
  0.9773350715637207E+01  0.2265212535858154E+00
  0.9871577262878418E+01  0.2206735014915466E+00
  0.9970781326293945E+01  0.2149749398231506E+00
  0.1007099151611328E+02  0.2094218134880066E+00
  0.1017220878601074E+02  0.2040104568004608E+00
  0.1027444362640381E+02  0.1987373232841492E+00
  0.1037770557403564E+02  0.1935989111661911E+00
  0.1048199558258057E+02  0.1885918378829956E+00
  0.1058734321594238E+02  0.1837127804756165E+00
  0.1069375038146973E+02  0.1789585053920746E+00
  0.1080122661590576E+02  0.1743258833885193E+00
  0.1090977287292480E+02  0.1698118299245834E+00
  0.1101942062377930E+02  0.1654133349657059E+00
  0.1113017082214355E+02  0.1611274927854538E+00
  0.1124203300476074E+02  0.1569514423608780E+00
  0.1135500907897949E+02  0.1528824269771576E+00
  0.1146913146972656E+02  0.1489177197217941E+00
  0.1158440113067627E+02  0.1450546979904175E+00
  0.1170082855224609E+02  0.1412907689809799E+00
  0.1181841564178467E+02  0.1376234292984009E+00
  0.1193719482421875E+02  0.1340502351522446E+00
  0.1205716896057129E+02  0.1305688023567200E+00
  0.1217834854125977E+02  0.1271767914295197E+00
  0.1230073451995850E+02  0.1238719597458839E+00
  0.1242436122894287E+02  0.1206520721316338E+00
  0.1254923057556152E+02  0.1175149828195572E+00
  0.1267535591125488E+02  0.1144585832953453E+00
  0.1280273532867432E+02  0.1114808246493340E+00
  0.1293140792846680E+02  0.1085797175765038E+00
  0.1306137371063232E+02  0.1057533025741577E+00
  0.1319264698028564E+02  0.1029996871948242E+00
  0.1332523727416992E+02  0.1003170087933540E+00
  0.1345914840698242E+02  0.9770347177982330E-01
  0.1359441852569580E+02  0.9515731036663055E-01
  0.1373104763031006E+02  0.9267681092023849E-01
  0.1386905002593994E+02  0.9026029706001282E-01
  0.1400842666625977E+02  0.8790613710880280E-01
  0.1414921665191650E+02  0.8561274409294128E-01
  0.1429142189025879E+02  0.8337856829166412E-01
  0.1443505573272705E+02  0.8120208978652954E-01
  0.1458012008666992E+02  0.7908184826374054E-01
  0.1472665596008301E+02  0.7701639831066132E-01
  0.1487466526031494E+02  0.7500434666872025E-01
  0.1502416229248047E+02  0.7304432243108749E-01
  0.1517514610290527E+02  0.7113500684499741E-01
  0.1532766246795654E+02  0.6927509605884552E-01
  0.1548171043395996E+02  0.6746332347393036E-01
  0.1563730907440186E+02  0.6569845974445343E-01
  0.1579445457458496E+02  0.6397930532693863E-01
  0.1595319461822510E+02  0.6230468675494194E-01
  0.1611353111267090E+02  0.6067346408963203E-01
  0.1627547836303711E+02  0.5908452719449997E-01
  0.1643903923034668E+02  0.5753678828477859E-01
  0.1660425758361816E+02  0.5602919310331345E-01
  0.1677113723754883E+02  0.5456070974469185E-01
  0.1693969345092773E+02  0.5313033983111382E-01
  0.1710994338989258E+02  0.5173709988594055E-01
  0.1728188896179199E+02  0.5038003623485565E-01
  0.1745557975769043E+02  0.4905822500586510E-01
  0.1763101387023926E+02  0.4777075722813606E-01
  0.1780821418762207E+02  0.4651675373315811E-01
  0.1798717689514160E+02  0.4529534652829170E-01
  0.1816795349121094E+02  0.4410570487380028E-01
  0.1835054969787598E+02  0.4294700548052788E-01
  0.1853497886657715E+02  0.4181845858693123E-01
  0.1872124481201172E+02  0.4071928560733795E-01
  0.1890940093994141E+02  0.3964872658252716E-01
  0.1909944725036621E+02  0.3860604763031006E-01
  0.1929140663146973E+02  0.3759052976965904E-01
  0.1948527336120605E+02  0.3660147264599800E-01
  0.1968110656738281E+02  0.3563819080591202E-01
  0.1987891006469727E+02  0.3470002487301826E-01
  0.2007870101928711E+02  0.3378631919622421E-01
  0.2028048133850098E+02  0.3289644792675972E-01
  0.2048430824279785E+02  0.3202979639172554E-01
  0.2069018363952637E+02  0.3118576109409332E-01
  0.2089812850952148E+02  0.3036375902593136E-01
  0.2110814285278320E+02  0.2956322208046913E-01
  0.2132028770446777E+02  0.2878359705209732E-01
  0.2153456497192383E+02  0.2802434004843235E-01
  0.2175099563598633E+02  0.2728492766618729E-01
  0.2196960258483887E+02  0.2656484395265579E-01
  0.2219038581848145E+02  0.2586359158158302E-01
  0.2241340637207031E+02  0.2518068067729473E-01
  0.2263866996765137E+02  0.2451563626527786E-01
  0.2286619758605957E+02  0.2386799640953541E-01
  0.2309598922729492E+02  0.2323730662465096E-01
  0.2332811546325684E+02  0.2262313105165958E-01
  0.2356257057189941E+02  0.2202503941953182E-01
  0.2379938316345215E+02  0.2144261449575424E-01
  0.2403855323791504E+02  0.2087545022368431E-01
  0.2428015327453613E+02  0.2032315172255039E-01
  0.2452417755126953E+02  0.1978533156216145E-01
  0.2477065467834473E+02  0.1926161535084248E-01
  0.2501958465576172E+02  0.1875163428485394E-01
  0.2527104377746582E+02  0.1825503632426262E-01
  0.2552502822875977E+02  0.1777146942913532E-01
  0.2578156280517578E+02  0.1730059646070004E-01
  0.2604065322875977E+02  0.1684208773076534E-01
  0.2630237197875977E+02  0.1639562100172043E-01
  0.2656672096252441E+02  0.1596088334918022E-01
  0.2683372688293457E+02  0.1553757023066282E-01
  0.2710339355468750E+02  0.1512538269162178E-01
  0.2737579345703125E+02  0.1472403202205896E-01
  0.2765093040466309E+02  0.1433323509991169E-01
  0.2792883300781250E+02  0.1395271811634302E-01
  0.2820952796936035E+02  0.1358221191912889E-01
  0.2849301719665527E+02  0.1322145573794842E-01
  0.2877938270568848E+02  0.1287019625306129E-01
  0.2906862831115723E+02  0.1252818573266268E-01
  0.2936078071594238E+02  0.1219518110156059E-01
  0.2965583992004395E+02  0.1187094952911139E-01
  0.2995389366149902E+02  0.1155526004731655E-01
  0.3025494003295898E+02  0.1124789100140333E-01
  0.3055901527404785E+02  0.1094862539321184E-01
  0.3086611557006836E+02  0.1065724994987249E-01
  0.3117633438110352E+02  0.1037355884909630E-01
  0.3148966789245605E+02  0.1009735185652971E-01
  0.3180614852905273E+02  0.9828433394432068E-02
  0.3212578201293945E+02  0.9566612541675568E-02
  0.3244866180419922E+02  0.9311703033745289E-02
  0.3277478408813477E+02  0.9063525125384331E-02
  0.3310418319702148E+02  0.8821901865303516E-02
  0.3343686294555664E+02  0.8586661890149117E-02
  0.3377291488647461E+02  0.8357638493180275E-02
  0.3411234664916992E+02  0.8134667761623859E-02
  0.3445518875122070E+02  0.7917592301964760E-02
  0.3480144119262695E+02  0.7706257514655590E-02
  0.3515121078491211E+02  0.7500512059777975E-02
  0.3550449752807617E+02  0.7300210185348988E-02
  0.3586133193969727E+02  0.7105208467692137E-02
  0.3622171783447266E+02  0.6915368605405092E-02
  0.3658575820922852E+02  0.6730554625391960E-02
  0.3695346069335938E+02  0.6550634745508432E-02
  0.3732485961914062E+02  0.6375480908900499E-02
  0.3769998550415039E+02  0.6204967387020588E-02
  0.3807885360717773E+02  0.6038972176611423E-02
  0.3846155929565430E+02  0.5877376999706030E-02
  0.3884811019897461E+02  0.5720065906643867E-02
  0.3923855209350586E+02  0.5566926673054695E-02
  0.3963287734985352E+02  0.5417848937213421E-02
  0.4003120040893555E+02  0.5272726062685251E-02
  0.4043353271484375E+02  0.5131454672664404E-02
  0.4083990478515625E+02  0.4993932321667671E-02
  0.4125032424926758E+02  0.4860061686486006E-02
  0.4166490554809570E+02  0.4729745443910360E-02
  0.4208365631103516E+02  0.4602890461683273E-02
  0.4250661087036133E+02  0.4479405935853720E-02
  0.4293378067016602E+02  0.4359202925115824E-02
  0.4336528015136719E+02  0.4242194816470146E-02
  0.4380112075805664E+02  0.4128296859562397E-02
  0.4424134063720703E+02  0.4017428029328585E-02
  0.4468593978881836E+02  0.3909508232027292E-02
  0.4513504791259766E+02  0.3804459236562252E-02
  0.4558867263793945E+02  0.3702205372974277E-02
  0.4604685974121094E+02  0.3602673299610615E-02
  0.4650960540771484E+02  0.3505790838971734E-02
  0.4697704696655273E+02  0.3411487909033895E-02
  0.4744918441772461E+02  0.3319696756079793E-02
  0.4792606353759766E+02  0.3230351023375988E-02
  0.4840774154663086E+02  0.3143385751172900E-02
  0.4889421081542969E+02  0.3058738308027387E-02
  0.4938561630249023E+02  0.2976347459480166E-02
  0.4988196563720703E+02  0.2896153600886464E-02
  0.5038329696655273E+02  0.2818098291754723E-02
  0.5088962173461914E+02  0.2742125419899821E-02
  0.5140108489990234E+02  0.2668179571628571E-02
  0.5191768264770508E+02  0.2596207195892930E-02
  0.5243947219848633E+02  0.2526156138628721E-02
  0.5296646118164062E+02  0.2457975409924984E-02
  0.5349879837036133E+02  0.2391615649685264E-02
  0.5403647994995117E+02  0.2327028429135680E-02
  0.5457956695556641E+02  0.2264167182147503E-02
  0.5512805938720703E+02  0.2202985575422645E-02
  0.5568212509155273E+02  0.2143439603969455E-02
  0.5624174880981445E+02  0.2085485728457570E-02
  0.5680700302124023E+02  0.2029081806540489E-02
  0.5737788009643555E+02  0.1974186627194285E-02
  0.5795454788208008E+02  0.1920760143548250E-02
  0.5853701782226562E+02  0.1868763472884893E-02
  0.5912533569335938E+02  0.1818158663809299E-02
  0.5971951675415039E+02  0.1768908812664449E-02
  0.6031971740722656E+02  0.1720977714285254E-02
  0.6092595291137695E+02  0.1674330560490489E-02
  0.6153828430175781E+02  0.1628933241590858E-02
  0.6215677261352539E+02  0.1584752462804317E-02
  0.6278141021728516E+02  0.1541755860671401E-02
  0.6341239166259766E+02  0.1499912235885859E-02
  0.6404971313476562E+02  0.1459190621972084E-02
  0.6469343566894531E+02  0.1419561333023012E-02
  0.6534356689453125E+02  0.1380995381623507E-02
  0.6600029754638672E+02  0.1343464362435043E-02
  0.6666361999511719E+02  0.1306940917856991E-02
  0.6733362579345703E+02  0.1271398155950010E-02
  0.6801028442382812E+02  0.1236809883266687E-02
  0.6869381713867188E+02  0.1203150721266866E-02
  0.6938421630859375E+02  0.1170395873486996E-02
  0.7008155822753906E+02  0.1138521358370781E-02
  0.7078583526611328E+02  0.1107503660023212E-02
  0.7149726104736328E+02  0.1077319844625890E-02
  0.7221583557128906E+02  0.1047947909682989E-02
  0.7294163513183594E+02  0.1019365969114006E-02
  0.7367465209960938E+02  0.9915531845763326E-03
  0.7441511535644531E+02  0.9644888923503458E-03
  0.7516301727294922E+02  0.9381531854160130E-03
  0.7591843414306641E+02  0.9125267388299108E-03
  0.7668137359619141E+02  0.8875905768945813E-03
  0.7745205688476562E+02  0.8633262477815151E-03
  0.7823047637939453E+02  0.8397158235311508E-03
  0.7901672363281250E+02  0.8167418418452144E-03
  0.7981087493896484E+02  0.7943871896713972E-03
  0.8061293029785156E+02  0.7726353360339999E-03
  0.8142311859130859E+02  0.7514701574109495E-03
  0.8224145507812500E+02  0.7308758795261383E-03
  0.8306801605224609E+02  0.7108371937647462E-03
  0.8390280151367188E+02  0.6913394317962229E-03
  0.8474605560302734E+02  0.6723680999130011E-03
  0.8559779357910156E+02  0.6539092864841223E-03
  0.8645807647705078E+02  0.6359494873322546E-03
  0.8732693481445312E+02  0.6184753146953881E-03
  0.8820460510253906E+02  0.6014739628881216E-03
  0.8909109497070312E+02  0.5849328590556979E-03
  0.8998649597167969E+02  0.5688396631740034E-03
  0.9089080810546875E+02  0.5531821516342461E-03
  0.9180429840087891E+02  0.5379481590352952E-03
  0.9272697448730469E+02  0.5231259856373072E-03
  0.9365891265869141E+02  0.5087042809464037E-03
  0.9460013580322266E+02  0.4946719855070114E-03
  0.9555090332031250E+02  0.4810183600056916E-03
  0.9651123046875000E+02  0.4677330434788018E-03
  0.9748120117187500E+02  0.4548066353891045E-03
  0.9846083831787109E+02  0.4422307538334280E-03
  0.9945040130615234E+02  0.4299971915315837E-03
  0.1004499206542969E+03  0.4180978285148740E-03
  0.1014594879150391E+03  0.4065246903337538E-03
  0.1024791946411133E+03  0.3952699480578303E-03
